26,5
38,35
36,7
27,4
27,1
27,3
31,4
31,1
31,3
32,5
32,1
32,3
35,4
35,1
35,3
29,4
30,1
30,3
29,5
29,1
29,3
28,1
28,3
36,5
36,1
36,3
34,4
26,4
26,1
26,3
25,4
25,1
25,3
14,5
34,5
34,3
10,163
10,145
10,35
10,221
10,311
10,201
10,271
10,73
11,17
11,26
11,28
11,22
11,12
11,6
11,13
8,15
8,16
8,14
34,66
34,65
34,64
34,37
34,36
34,35
34,34
34,33
34,32
34,31
34,30
34,29
34,28
34,27
34,26
34,25
34,24
34,23
34,22
34,21
34,20
34,19
34,18
34,17
34,16
34,15
34,14
34,13
34,12
34,11
34,10
34,9
34,8
34,7
34,6
34,1
20,3
20,2
20,1
19,3
19,2
19,1
18,3
18,1
14,4
14,3
14,1
13,3
13,1
12,3
12,2
12,1
11,30
11,27
11,19
11,11
11,10
11,9
11,8
11,7
11,3
